1787481441.627 4398 91621780
1787481443.648 3836 79919189
1787481445.670 3678 76623665
1787481447.691 3678 76623665
1787481449.714 3678 76623665
1787481451.736 3831 79804321
1787481453.757 3831 79804321
1787481455.777 3988 83089806
1787481457.799 4154 86533012
1787481459.820 4311 89820564
1787481461.841 4466 93046379
1787481463.863 4794 99884155
1787481465.883 4967 103478775
1787481467.904 5112 106508049
1787481469.925 5275 109902565
1787481471.945 5594 116539703
1787481473.964 5594 116539703
1787481475.986 5749 119771339
1787481478.007 5749 119771339
1787481480.028 4185 87177170
1787481482.049 3577 74521973
1787481484.069 3411 71056473
1787481486.089 3411 71056473
1787481488.110 2728 56839043
1787481490.130 864 18008242
1787481492.150 532 11086064
1787481494.171 383 7980664
1787481496.227 383 7980664
1787481498.247 529 11024658
1787481500.267 529 11024658
1787481502.287 529 11024658
1787481504.308 674 14041450
1787481506.328 674 14041450
1787481508.349 674 14041450
1787481510.369 835 17403973
1787481512.390 835 17403973
1787481514.410 981 20432903
1787481516.430 1127 23485451
1787481518.451 1127 23485451
1787481520.471 1288 26832840
1787481522.491 1435 29893869
1787481524.513 1435 29893869
1787481526.536 1582 32953255
1787481528.558 1582 32953255
1787481530.578 1911 39819569
1787481532.599 2210 46050301
1787481534.621 2210 46050301
1787481536.641 2362 49203194
1787481538.662 2362 49203194
1787481540.684 2362 49203194
1787481542.705 2362 49203194
1787481544.726 2362 49203194
1787481546.747 2507 52239376
1787481548.768 2507 52239376
1787481550.788 2507 52239376
1787481552.809 2507 52239376
1787481554.829 2507 52239376
1787481556.850 2507 52239376
1787481558.872 2507 52239376
1787481560.893 2507 52239376
1787481562.913 2507 52239376
1787481564.935 2656 55340321
1787481566.956 2656 55340321
1787481568.977 2656 55340321
1787481570.997 2656 55340321
1787481573.018 2656 55340321
1787481575.038 2656 55340321
1787481577.058 2656 55340321
1787481579.079 2802 58380154
1787481581.101 2802 58380154
1787481583.127 2949 61427731
1787481585.148 3093 64439789
1787481587.168 3093 64439789
1787481589.189 3093 64439789
1787481591.209 3093 64439789
1787481593.231 3093 64439789
1787481595.252 3093 64439789
1787481597.274 3093 64439789
1787481599.295 3093 64439789
1787481601.315 3242 67550270
1787481603.337 3388 70589371
1787481605.358 3687 76814377
1787481607.379 3687 76814377
1787481609.400 3837 79934479
1787481611.421 3837 79934479
1787481613.442 3837 79934479
1787481615.463 3837 79934479
1787481617.484 3837 79934479
1787481619.505 3837 79934479
1787481621.525 3837 79934479
1787481623.545 3996 83248077
1787481625.567 4141 86272446
1787481627.588 4141 86272446
1787481629.608 4141 86272446
1787481631.630 4141 86272446
1787481633.650 4141 86272446
1787481635.670 4141 86272446
1787481637.691 4141 86272446
1787481639.711 4141 86272446
1787481641.731 4141 86272446
1787481643.753 4141 86272446
1787481645.774 4141 86272446
1787481647.797 4141 86272446
1787481649.820 4141 86272446
1787481651.841 4141 86272446
1787481653.862 4141 86272446
1787481655.883 4141 86272446
1787481657.905 4141 86272446
1787481659.926 4447 92638992
1787481661.948 4591 95649162
1787481663.968 4591 95649162
1787481665.989 4909 102274490
1787481668.009 5087 105978111
1787481670.029 5237 109096703
1787481672.050 5237 109096703
1787481674.071 5393 112356628
1787481676.091 5393 112356628
1787481678.112 5538 115378136
1787481680.133 5685 118440811
1787481682.154 5685 118440811
1787481684.175 5685 118440811
1787481686.195 5685 118440811
1787481688.216 5685 118440811
1787481690.236 5685 118440811
1787481692.256 5685 118440811
1787481694.277 5685 118440811
1787481696.297 4460 92916153
1787481698.318 3478 72456001
1787481700.339 3141 65446014
1787481702.362 3141 65446014
1787481704.384 2997 62444481
1787481706.406 2997 62444481
1787481708.426 2997 62444481
1787481710.447 2997 62444481
1787481712.468 2997 62444481
1787481714.491 2997 62444481
1787481716.513 2997 62444481
1787481718.535 3145 65529541
1787481720.557 3145 65529541
1787481722.579 3293 68600380
1787481724.603 3293 68600380
1787481726.625 3293 68600380
1787481728.649 3293 68600380
1787481730.674 3457 72014183
1787481732.696 3767 78475258
1787481734.717 4069 84769096
1787481736.740 4069 84769096
1787481738.763 4220 87923241
1787481740.783 4220 87923241
1787481742.804 4373 91114510
1787481744.826 4373 91114510
1787481746.849 4373 91114510
1787481748.870 4521 94183952
1787481750.892 4521 94183952
1787481752.914 4676 97423409
1787481754.934 4676 97423409
1787481756.955 4676 97423409
1787481758.977 4676 97423409
1787481760.998 4830 100619194
1787481763.019 4830 100619194
1787481765.040 4981 103769829
1787481767.062 4981 103769829
1787481769.083 5295 110309311
1787481771.106 5457 113690735
1787481773.127 5609 116857109
1787481775.148 5759 119969711
1787481777.169 4190 87291054
1787481779.192 3460 72073471
1787481781.214 3282 68385002
1787481783.235 3282 68385002
1787481785.258 3282 68385002
1787481787.281 3622 75452721
1787481789.304 3944 82169762
1787481791.326 3944 82169762
1787481793.348 4097 85351822
1787481795.371 4097 85351822
1787481797.394 4097 85351822
1787481799.415 4249 88525719
1787481801.436 4420 92075691
1787481803.458 4739 98737366
1787481805.480 4739 98737366
1787481807.501 4739 98737366
1787481809.523 4889 101853523
1787481811.544 4889 101853523
1787481813.565 4889 101853523
1787481815.588 4889 101853523
1787481817.609 4889 101853523
1787481819.632 5036 104917786
1787481821.653 5036 104917786
1787481823.676 5036 104917786
1787481825.697 5036 104917786
1787481827.719 5198 108289009
1787481829.740 5198 108289009
1787481831.761 5354 111535057
1787481833.783 5354 111535057
1787481835.806 5509 114763191
1787481837.829 5655 117805389
1787481839.852 4193 87353523
1787481841.875 3672 76507729
1787481843.899 3493 72774200
1787481845.921 3493 72774200
1787481847.942 3493 72774200
1787481849.964 3493 72774200
1787481851.986 3650 76038452
1787481854.009 3650 76038452
1787481856.033 3794 79045151
1787481858.057 3945 82192055
1787481860.080 4099 85394279
1787481862.103 4246 88452820
1787481864.135 4798 99952919
1787481866.159 4512 93994339
1787481868.183 4646 96798515
1787481870.207 5169 107679810
1787481872.233 4496 93659515
1787481874.256 3890 81037155
1787481876.278 3890 81037155
1787481878.300 3890 81037155
1787481880.325 4034 84051399
1787481882.348 4034 84051399
1787481884.369 4191 87308090
1787481886.391 4191 87308090
1787481888.416 4351 90640648
1787481890.438 4351 90640648
1787481892.461 4351 90640648
1787481894.482 4514 94033562
1787481896.504 4668 97258636
1787481898.526 4668 97258636
1787481900.549 4816 100334312
1787481902.571 4979 103722839
1787481904.593 5132 106912468
1787481906.616 5293 110274498
1787481908.638 5293 110274498
1787481910.660 5439 113304649
1787481912.681 5439 113304649
1787481914.703 5439 113304649
1787481916.725 5584 116325363
1787481918.747 5584 116325363
1787481920.770 5729 119353294
1787481922.793 5729 119353294
1787481924.817 5875 122391960
1787481926.840 5377 112018074
1787481928.863 3803 79238510
1787481930.886 3312 68999977
1787481932.908 3312 68999977
1787481934.929 3159 65813370
1787481936.949 3159 65813370
1787481938.973 3159 65813370
1787481940.996 3315 69057709
1787481943.017 3315 69057709
1787481945.038 3471 72319748
1787481947.060 3626 75540131
1787481949.082 3626 75540131
1787481951.104 3778 78704575
1787481953.124 3778 78704575
1787481955.146 3923 81729485
1787481957.166 3923 81729485
1787481959.188 3923 81729485
1787481961.210 4078 84966942
1787481963.232 4078 84966942
1787481965.254 4078 84966942
1787481967.277 4238 88294312
1787481969.298 4386 91384834
1787481971.321 4386 91384834
1787481973.343 4386 91384834
1787481975.364 4532 94424622
1787481977.386 4532 94424622
1787481979.411 4532 94424622
1787481981.438 4532 94424622
1787481983.467 4689 97686546
1787481985.496 4839 100807877
1787481987.524 4986 103885132
1787481989.553 4986 103885132
1787481991.581 5132 106918228
1787481993.609 5435 113220337
1787481995.632 4086 85124863
1787481997.658 3532 73573006
1787481999.685 3376 70328072
1787482001.710 3700 77084999
1787482003.737 4026 83867210
1787482005.765 4197 87438774
1787482007.791 4502 93782280
1787482009.818 4649 96861626
1787482011.845 4810 100198692
1787482013.871 4960 103331879
1787482015.897 5108 106413094
1787482017.922 5108 106413094
1787482019.945 5264 109668243
1787482021.970 5420 112922035
1787482023.995 5565 115944893
1787482026.016 5713 119020416
1787482028.037 5713 119020416
1787482030.058 5713 119020416
1787482032.080 5859 122067482
1787482034.102 5859 122067482
1787482036.124 5859 122067482
1787482038.145 5859 122067482
1787482040.166 5859 122067482
1787482042.187 4394 91535728
1787482044.210 3630 75622032
1787482046.231 3301 68766777
1787482048.253 3155 65718964
1787482050.275 3155 65718964
1787482052.296 3155 65718964
1787482054.318 3155 65718964
1787482056.340 3155 65718964
1787482058.362 3155 65718964
1787482060.385 3308 68913940
1787482062.408 3308 68913940
1787482064.432 3308 68913940
1787482066.455 3457 72017540
1787482068.477 3457 72017540
1787482070.500 3457 72017540
1787482072.522 3457 72017540
1787482074.543 3457 72017540
1787482076.565 3602 75047989
1787482078.587 3602 75047989
1787482080.609 3602 75047989
1787482082.630 3602 75047989
1787482084.653 3602 75047989
1787482086.676 3747 78072205
1787482088.698 3747 78072205
1787482090.720 3747 78072205
1787482092.742 3747 78072205
1787482094.764 3747 78072205
1787482096.786 3747 78072205
1787482098.807 3896 81158264
1787482100.832 4043 84222801
1787482102.855 4199 87472679
1787482104.878 4199 87472679
1787482106.901 4199 87472679
1787482108.923 4344 90494057
1787482110.945 4344 90494057
1787482112.966 4344 90494057
1787482114.987 4344 90494057
1787482117.008 4489 93510468
1787482119.029 4489 93510468
1787482121.050 4489 93510468
1787482123.071 4489 93510468
1787482125.094 4489 93510468
1787482127.115 4489 93510468
1787482129.136 4489 93510468
1787482131.156 4489 93510468
1787482133.177 4489 93510468
1787482135.201 4489 93510468
1787482137.223 4636 96582756
1787482139.247 4636 96582756
1787482141.271 4783 99646927
1787482143.294 4783 99646927
1787482145.316 4783 99646927
1787482147.339 4932 102747078
1787482149.364 4932 102747078
1787482151.386 4932 102747078
1787482153.409 5079 105814964
1787482155.432 5079 105814964
1787482157.455 5079 105814964
1787482159.477 5079 105814964
1787482161.498 5079 105814964
1787482163.521 5229 108943138
1787482165.544 5384 112166840
1787482167.567 5384 112166840
1787482169.588 5528 115167297
1787482171.609 5528 115167297
1787482173.631 5528 115167297
1787482175.654 5528 115167297
1787482177.676 5528 115167297
1787482179.698 5528 115167297
1787482181.720 5528 115167297
1787482183.742 5528 115167297
1787482185.763 5677 118270233
1787482187.785 5677 118270233
1787482189.809 5677 118270233
1787482191.831 5677 118270233
1787482193.853 5823 121310059
1787482195.875 5823 121310059
1787482197.896 5823 121310059
1787482199.917 5823 121310059
1787482201.938 5823 121310059
1787482203.959 5823 121310059
1787482205.979 5823 121310059
1787482208.000 5823 121310059
1787482210.021 5823 121310059
1787482212.044 5620 117074219
1787482214.065 3890 81044510
1787482216.087 3364 70085632
1787482218.107 3200 66674751
1787482220.128 3200 66674751
1787482222.148 3200 66674751
1787482224.170 3200 66674751
1787482226.195 3200 66674751
1787482228.217 3200 66674751
1787482230.240 3200 66674751
1787482232.265 3200 66674751
1787482234.289 3200 66674751
1787482236.311 3200 66674751
1787482238.333 3345 69688309
1787482240.355 3345 69688309
1787482242.376 3345 69688309
1787482244.398 3345 69688309
1787482246.421 3345 69688309
1787482248.444 3345 69688309
1787482250.467 3345 69688309
1787482252.489 3345 69688309
1787482254.513 3345 69688309
1787482256.535 3491 72734703
1787482258.557 3650 76040031
1787482260.579 3650 76040031
1787482262.603 3795 79062477
1787482264.627 3795 79062477
1787482266.650 3954 82366135
1787482268.673 3954 82366135
1787482270.696 4158 86615448
1787482272.717 4483 93398476
1787482274.738 4630 96448540
1787482276.762 4630 96448540
1787482278.783 4946 103038559
1787482280.808 5100 106250626
1787482282.832 5252 109423943
1787482284.854 5252 109423943
1787482286.877 5252 109423943
1787482288.900 5252 109423943
1787482290.922 5400 112490021
1787482292.944 5400 112490021
1787482294.965 5545 115514511
1787482296.986 5695 118638237
1787482299.007 5695 118638237
1787482301.028 5840 121663177
1787482303.049 5840 121663177
1787482305.070 5840 121663177
1787482307.091 5840 121663177
1787482309.112 5840 121663177
1787482311.133 4072 84826599
1787482313.153 3572 74422523
1787482315.173 3274 68213737
1787482317.193 3274 68213737
1787482319.213 3112 64824669
1787482321.234 3112 64824669
1787482323.256 3112 64824669
1787482325.276 3112 64824669
1787482327.297 3112 64824669
1787482329.318 3112 64824669
1787482331.338 3260 67911339
1787482333.358 3260 67911339
1787482335.379 3260 67911339
1787482337.400 3260 67911339
1787482339.420 3260 67911339
1787482341.440 3260 67911339
1787482343.460 3260 67911339
1787482345.481 3260 67911339
1787482347.503 3260 67911339
1787482349.523 3260 67911339
1787482351.543 3406 70954346
1787482353.563 3406 70954346
1787482355.584 3406 70954346
1787482357.606 3406 70954346
1787482359.629 3553 74030548
1787482361.654 3553 74030548
1787482363.677 3711 77313530
1787482365.699 3711 77313530
1787482367.721 3711 77313530
1787482369.744 3859 80396004
1787482371.767 4461 92932304
1787482373.791 4976 103667732
1787482375.812 5120 106668678
1787482377.834 5120 106668678
1787482379.857 5268 109741310
1787482381.882 5268 109741310
1787482383.904 5268 109741310
1787482385.925 5268 109741310
1787482387.946 5268 109741310
1787482389.968 5268 109741310
1787482391.989 5416 112834976
1787482394.011 5416 112834976
1787482396.032 5416 112834976
1787482398.054 5416 112834976
1787482400.076 5416 112834976
1787482402.098 5416 112834976
1787482404.118 5565 115929100
1787482406.139 5565 115929100
1787482408.159 5565 115929100
1787482410.180 5565 115929100
1787482412.202 5565 115929100
1787482414.224 5709 118930084
1787482416.247 5709 118930084
1787482418.268 5709 118930084
1787482420.290 5709 118930084
1787482422.312 5586 116374321
1787482424.334 3863 80477951
1787482426.356 3352 69841743
1787482428.378 3189 66437027
1787482430.399 3189 66437027
1787482432.423 3189 66437027
1787482434.444 3189 66437027
1787482436.465 3189 66437027
1787482438.489 3336 69502579
1787482440.512 3336 69502579
1787482442.535 3480 72507881
1787482444.559 3480 72507881
1787482446.581 3480 72507881
1787482448.604 3480 72507881
1787482450.628 3629 75607841
1787482452.651 3629 75607841
1787482454.673 3629 75607841
1787482456.696 3629 75607841
1787482458.718 3629 75607841
1787482460.740 3776 78658966
1787482462.763 3776 78658966
1787482464.785 3931 81899429
1787482466.808 3931 81899429
1787482468.831 3931 81899429
1787482470.855 3931 81899429
1787482472.876 4078 84953766
1787482474.898 4078 84953766
1787482476.919 4078 84953766
1787482478.942 4078 84953766
1787482480.964 4078 84953766
1787482482.985 4078 84953766
1787482485.007 4225 88018173
1787482487.029 4225 88018173
1787482489.051 4225 88018173
1787482491.073 4385 91349274
1787482493.093 4385 91349274
1787482495.114 4385 91349274
1787482497.136 4385 91349274
1787482499.157 4385 91349274
1787482501.177 4534 94461960
1787482503.199 4534 94461960
1787482505.223 4534 94461960
1787482507.245 4534 94461960
1787482509.267 4534 94461960
1787482511.290 4534 94461960
1787482513.312 4682 97551979
1787482515.336 4682 97551979
1787482517.359 4682 97551979
1787482519.381 4831 100646210
1787482521.405 4831 100646210
1787482523.429 4831 100646210
1787482525.451 4666 97209373
1787482527.472 4666 97209373
1787482529.497 4666 97209373
1787482531.520 4666 97209373
1787482533.544 4813 100280396
1787482535.581 4959 103307953
1787482537.731 3896 81165787
1787482539.756 4709 98097679
1787482541.781 4935 102811264
1787482543.805 3660 76248024
1787482545.829 3332 69425537
1787482547.853 3502 72960541
1787482549.876 4387 91394028
1787482551.899 4759 99140388
1787482553.921 5061 105429138
1787482555.942 5061 105429138
1787482557.963 5206 108468224
1787482559.986 5354 111540398
1787482562.016 5354 111540398
1787482564.042 5515 114902283
1787482566.063 5515 114902283
1787482568.085 5665 118012253
1787482570.110 5665 118012253
1787482572.137 5665 118012253
1787482574.163 5810 121046356
1787482576.190 5810 121046356
1787482578.219 4051 84394104
1787482580.247 3461 72102432
1787482582.273 3313 69022560
1787482584.302 3313 69022560
1787482586.329 3313 69022560
1787482588.356 3474 72378433
1787482590.384 3620 75420853
1787482592.411 3767 78476837
1787482594.439 3927 81818237
1787482596.466 4089 85183319
1787482598.491 4237 88268326
1787482600.521 4386 91380165
1787482602.553 4386 91380165
1787482604.586 2363 49233261
1787482606.618 1814 37781876
1787482608.670 1824 37997131
1787482610.773 1553 32347088
1787482612.805 2644 55073193
1787482614.836 3131 65221687
1787482616.868 3290 68538094
1787482618.903 3290 68538094
1787482620.932 3806 79297264
1787482622.962 4137 86182106
1787482624.988 4289 89351639
1787482627.011 4289 89351639
1787482629.035 4437 92444359
1787482631.059 4437 92444359
1787482633.082 4586 95537575
1787482635.104 4586 95537575
1787482637.127 4733 98601425
1787482639.152 4733 98601425
1787482641.194 5047 105135757
1787482643.223 5347 111389893
1787482645.255 5667 118052147
1787482647.281 4204 87593079
1787482649.446 2393 49864475
1787482651.502 1309 27274956
1787482653.567 1650 34382729
1787482655.619 2518 52461025
1787482657.665 3021 62933144
1787482659.716 3585 74679909
1787482661.757 4388 91422302
1787482663.801 4215 87819664
1787482665.843 4033 84017036
1787482667.884 3726 77625496
1787482669.932 3726 77625496
1787482671.981 3726 77625496
1787482674.023 3726 77625496
1787482676.059 3575 74482361
1787482678.094 2808 58501667
1787482680.132 2357 49103199
1787482682.174 1586 33041256
1787482684.219 1438 29954325
1787482686.278 1249 26015968
1787482688.322 1093 22768070
1787482690.352 945 19685713
1787482692.377 945 19685713
1787482694.404 945 19685713
1787482696.428 1102 22967850
1787482698.455 1420 29580660
1787482700.480 1575 32810532
1787482702.504 1720 35836987
1787482704.529 2014 41954613
1787482706.554 2160 45002903
1787482708.579 2311 48143337
1787482710.607 2497 52010746
1787482712.633 2650 55218513
1787482714.659 2817 58682919
1787482716.684 2961 61690872
1787482718.712 3119 64984619
1787482720.737 3119 64984619
1787482722.758 3119 64984619
1787482724.781 3119 64984619
1787482726.803 3280 68334053
1787482728.826 3280 68334053
1787482730.850 3444 71755074
1787482732.872 3599 74985619
1787482734.898 3599 74985619
1787482736.920 3599 74985619
1787482738.941 3752 78159058
1787482740.962 3752 78159058
1787482742.983 3896 81160141
1787482745.005 3896 81160141
1787482747.027 3896 81160141
1787482749.048 3896 81160141
1787482751.070 4048 84335243
1787482753.091 4048 84335243
1787482755.113 4048 84335243
1787482757.134 4193 87346642
1787482759.156 4193 87346642
1787482761.182 4193 87346642
1787482763.208 4344 90495773
1787482765.236 4488 93498909
1787482767.265 4488 93498909
1787482769.294 4634 96542847
1787482771.323 4634 96542847
1787482773.351 4788 99747635
1787482775.378 4788 99747635
1787482777.406 4936 102826157
1787482779.431 4936 102826157
1787482781.457 5093 106098701
1787482783.480 5237 109101265
1787482785.506 5398 112449783
1787482787.533 5398 112449783
1787482789.563 5551 115655266
1787482791.589 5551 115655266
1787482793.616 5137 107014481
1787482795.645 3924 81750305
1787482797.673 3576 74502159
1787482799.701 3421 71273560
1787482801.732 3421 71273560
1787482803.761 3421 71273560
1787482805.791 3583 74645180
1787482807.824 3735 77804016
1787482809.851 3735 77804016
1787482811.875 3735 77804016
1787482813.898 3735 77804016
1787482815.920 3880 80838264
1787482817.941 3880 80838264
1787482819.964 3880 80838264
1787482821.990 4029 83944305
1787482824.012 4176 87010368
1787482826.039 4176 87010368
1787482828.066 4330 90218452
1787482830.095 4330 90218452
1787482832.123 4330 90218452
1787482834.151 4330 90218452
1787482836.178 4330 90218452
1787482838.206 4481 93356125
1787482840.240 4481 93356125
1787482842.270 4649 96862778
1787482844.302 4795 99896400
1787482846.332 4945 103018898
1787482848.359 4945 103018898
1787482850.386 5109 106435387
1787482852.410 5273 109852425
1787482854.437 5601 116679932
1787482856.465 5767 120151558
1787482858.491 4311 89813560
1787482860.517 3529 73518867
1787482862.545 3385 70512177
1787482864.571 3385 70512177
1787482866.599 3385 70512177
1787482868.626 3385 70512177
1787482870.653 3385 70512177
1787482872.682 3529 73514709
